299
275
340
134
49
276
267
261
298
71
318
451
60
90
283
5
246
320
114
467
396
233
247
201
165
176
372
266
52
322
218
258
301
444
171
64
305
123
488
72
27
408
361
467
352
367
396
396
413
223
95
104
211
26
30
481
371
105
136
196
246
176
418
435
381
443
390
231
169
444
135
442
132
154
365
259
482
356
283
115
465
82
396
225
11
320
474
62
175
326
490
184
241
144
267
15
7
287
15
23
190
36
222
113
438
416
333
201
417
239
26
266
449
490
465
88
395
40
160
489
59
50
380
71
490
381
339
227
408
206
378
24
51
400
93
105
185
423
351
405
463
360
107
61
420
113
426
186
232
409
9
411
373
110
301
126
184
130
193
309
230
255
60
445
455
322
125
442
484
184
263
91
70
190
33
462
94
437
445
360
292
328
246
300
488
96
191
205
26
246
455
403
70
154
371
460
332
346
485
126
70
28
162
258
361
127
287
327
132
251
397
498
115
356
433
317
412
235
274
136
7
261
223
379
411
74
239
262
83
362
156
37
309
55
147
380
470
322
346
26
262
285
103
81
360
478
59
55
223
188
460
4
422
250
311
160
479
211
331
177
366
121
386
322
94
232
369
158
112
250
146
292
346
496
334
53
327
399
388
473
130
162
81
436
415
65
93
149
139
138
418
231
95
442
407
249
385
467
219
390
476
387
163
277
178
499
422
349
344
60
201
111
91
420
12
60
309
189
395
211
408
11
289
79
72
285
253
417
366
15
337
398
326
359
5
194
415
181
271
233
30
471
227
218
137
84
268
307
460
328
435
310
476
407
285
249
392
471
244
158
137
81
428
43
231
20
234
268
401
206
311
351
152
364
258
347
322
216
494
353
291
490
334
274
156
171
163
414
119
284
188
310
202
322
309
473
290
169
77
458
